0,40.0
1,40.0
2,41.0
3,41.0
4,39.0
5,41.0
6,42.0
7,40.0
8,44.0
9,42.0
10,40.0
11,40.0
12,40.0
13,39.0
14,41.0
15,41.0
16,40.0
17,40.0
18,39.0
19,42.0
20,40.0
21,41.0
22,40.0
23,40.0
24,41.0
25,41.0
26,41.0
27,42.0
28,41.0
29,39.0
30,41.0
31,41.0
32,38.0
33,40.0
34,42.0
35,40.0
36,42.0
37,40.0
38,41.0
39,40.0
40,40.0
41,39.0
42,41.0
43,42.0
44,41.0
45,41.0
46,41.0
47,40.0
48,39.0
49,43.0
50,41.0
51,40.0
52,40.0
53,40.0
54,40.0
55,40.0
56,39.0
57,39.0
58,39.0
59,40.0
60,40.0
61,40.0
62,39.0
63,41.0
64,39.0
65,41.0
66,38.0
67,41.0
68,41.0
69,41.0
70,41.0
71,41.0
72,40.0
73,43.0
74,40.0
75,41.0
76,38.0
77,41.0
78,41.0
79,42.0
80,40.0
81,40.0
82,41.0
83,41.0
84,41.0
85,41.0
86,40.0
87,40.0
88,39.0
89,41.0
90,40.0
91,39.0
92,40.0
93,41.0
94,39.0
95,40.0
96,41.0
97,40.0
98,40.0
99,40.0
100,40.0
101,42.0
102,41.0
103,39.0
104,41.0
105,40.0
106,42.0
107,40.0
108,40.0
109,39.0
110,41.0
111,41.0
112,42.0
113,42.0
114,38.0
115,40.0
116,39.0
117,41.0
118,41.0
119,39.0
120,42.0
121,41.0
122,42.0
123,40.0
124,39.0
125,41.0
126,40.0
127,41.0
128,42.0
129,41.0
130,40.0
131,40.0
132,40.0
133,40.0
134,40.0
135,41.0
136,41.0
137,42.0
138,42.0
139,40.0
140,38.0
141,40.0
142,41.0
143,41.0
144,42.0
145,40.0
146,36.0
147,40.0
148,41.0
149,41.0
150,39.0
151,38.0
152,39.0
153,39.0
154,41.0
155,40.0
156,40.0
157,38.0
158,41.0
159,40.0
160,41.0
161,40.0
162,42.0
163,38.0
164,41.0
165,38.0
166,41.0
167,41.0
168,39.0
169,39.0
170,39.0
171,39.0
172,40.0
173,39.0
174,38.0
175,42.0
176,39.0
177,41.0
178,40.0
179,40.0
180,41.0
181,39.0
182,40.0
183,40.0
184,40.0
185,40.0
186,40.0
187,41.0
188,41.0
189,41.0
190,42.0
191,42.0
192,41.0
193,41.0
194,39.0
195,40.0
196,39.0
197,40.0
198,41.0
199,39.0
200,40.0
201,41.0
202,41.0
203,40.0
204,40.0
205,40.0
206,40.0
207,40.0
208,40.0
209,41.0
210,39.0
211,40.0
212,40.0
213,42.0
214,40.0
215,42.0
216,40.0
217,39.0
218,39.0
219,39.0
220,42.0
221,41.0
222,40.0
223,40.0
224,42.0
225,41.0
226,41.0
227,41.0
228,41.0
229,40.0
230,41.0
231,39.0
232,39.0
233,39.0
234,42.0
235,42.0
236,40.0
237,41.0
238,41.0
239,41.0
240,40.0
241,41.0
242,39.0
243,40.0
244,41.0
245,42.0
246,41.0
247,41.0
248,40.0
249,41.0
250,41.0
251,40.0
252,40.0
253,41.0
254,41.0
255,41.0
256,41.0
257,40.0
258,41.0
259,41.0
260,40.0
261,41.0
262,43.0
263,40.0
264,41.0
265,40.0
266,41.0
267,40.0
268,39.0
269,41.0
270,40.0
271,40.0
272,41.0
273,39.0
274,40.0
275,40.0
276,40.0
277,42.0
278,40.0
279,41.0
280,40.0
281,40.0
282,41.0
283,41.0
284,41.0
285,39.0
286,41.0
287,41.0
288,40.0
289,40.0
290,41.0
291,40.0
292,38.0
293,39.0
294,40.0
295,39.0
296,41.0
297,41.0
298,39.0
299,39.0
300,40.0
301,40.0
302,40.0
303,40.0
304,41.0
305,42.0
306,43.0
307,42.0
308,40.0
309,39.0
310,40.0
311,40.0
312,40.0
313,40.0
314,41.0
315,40.0
316,41.0
317,40.0
318,41.0
319,39.0
320,42.0
321,40.0
322,42.0
323,39.0
324,41.0
325,41.0
326,41.0
327,42.0
328,41.0
329,41.0
330,39.0
331,41.0
332,38.0
333,41.0
334,40.0
335,41.0
336,42.0
337,42.0
338,40.0
339,41.0
340,40.0
341,41.0
342,37.0
343,39.0
344,39.0
345,40.0
346,40.0
347,39.0
348,39.0
349,41.0
350,40.0
351,42.0
352,38.0
353,41.0
354,39.0
355,39.0
356,40.0
357,40.0
358,41.0
359,40.0
360,40.0
361,41.0
362,41.0
363,39.0
364,40.0
365,39.0
366,39.0
367,39.0
368,40.0
369,40.0
370,40.0
371,41.0
372,38.0
373,40.0
374,40.0
375,41.0
376,40.0
377,39.0
378,42.0
379,41.0
380,41.0
381,39.0
382,40.0
383,39.0
384,41.0
385,39.0
386,38.0
387,40.0
388,40.0
389,38.0
390,41.0
391,40.0
392,41.0
393,39.0
394,41.0
395,38.0
396,39.0
397,39.0
398,40.0
399,40.0
400,38.0
401,39.0
402,41.0
403,40.0
404,41.0
405,41.0
406,38.0
407,40.0
408,41.0
409,41.0
410,40.0
411,39.0
412,39.0
413,41.0
414,38.0
415,40.0
416,39.0
417,41.0
418,39.0
419,39.0
420,41.0
421,40.0
422,40.0
423,42.0
424,40.0
425,40.0
426,40.0
427,40.0
428,41.0
429,40.0
430,39.0
431,40.0
432,40.0
433,41.0
434,40.0
435,39.0
436,40.0
437,40.0
438,39.0
439,41.0
440,40.0
441,39.0
442,39.0
443,40.0
444,39.0
445,40.0
446,40.0
447,40.0
448,38.0
449,40.0
450,39.0
451,41.0
452,41.0
453,39.0
454,39.0
455,40.0
456,39.0
457,40.0
458,40.0
459,39.0
460,41.0
461,40.0
462,38.0
463,41.0
464,41.0
465,41.0
466,41.0
467,41.0
468,41.0
469,40.0
470,40.0
471,42.0
472,39.0
473,40.0
474,40.0
475,39.0
476,40.0
477,39.0
478,40.0
479,41.0
480,41.0
481,39.0
482,38.0
483,40.0
484,39.0
485,41.0
486,39.0
487,40.0
488,40.0
489,40.0
490,40.0
491,40.0
492,40.0
493,40.0
494,41.0
495,40.0
496,40.0
497,39.0
498,40.0
499,41.0
500,41.0
501,40.0
502,39.0
503,39.0
504,39.0
505,40.0
506,40.0
507,40.0
508,40.0
509,40.0
510,38.0
511,39.0
512,39.0
513,39.0
514,40.0
515,41.0
516,39.0
517,40.0
