0,38.0
1,42.0
2,41.0
3,41.0
4,40.0
5,41.0
6,42.0
7,40.0
8,42.0
9,41.0
10,41.0
11,39.0
12,39.0
13,40.0
14,39.0
15,39.0
16,40.0
17,39.0
18,42.0
19,39.0
20,40.0
21,40.0
22,41.0
23,41.0
24,41.0
25,40.0
26,41.0
27,42.0
28,41.0
29,39.0
30,41.0
31,40.0
32,40.0
33,40.0
34,40.0
35,41.0
36,40.0
37,40.0
38,41.0
39,39.0
40,40.0
41,40.0
42,40.0
43,41.0
44,40.0
45,42.0
46,41.0
47,41.0
48,41.0
49,39.0
50,41.0
51,39.0
52,40.0
53,42.0
54,41.0
55,41.0
56,39.0
57,39.0
58,40.0
59,39.0
60,40.0
61,41.0
62,42.0
63,41.0
64,40.0
65,41.0
66,39.0
67,40.0
68,39.0
69,44.0
70,40.0
71,39.0
72,41.0
73,43.0
74,40.0
75,39.0
76,39.0
77,40.0
78,40.0
79,41.0
80,40.0
81,41.0
82,41.0
83,40.0
84,41.0
85,40.0
86,41.0
87,39.0
88,40.0
89,41.0
90,39.0
91,40.0
92,39.0
93,41.0
94,40.0
95,39.0
96,39.0
97,40.0
98,39.0
99,39.0
100,40.0
101,40.0
102,41.0
103,40.0
104,40.0
105,40.0
106,41.0
107,40.0
108,39.0
109,41.0
110,40.0
111,40.0
112,41.0
113,42.0
114,40.0
115,38.0
116,40.0
117,41.0
118,40.0
119,39.0
120,41.0
121,39.0
122,42.0
123,40.0
124,39.0
125,41.0
126,40.0
127,40.0
128,43.0
129,40.0
130,40.0
131,41.0
132,42.0
133,39.0
134,40.0
135,41.0
136,41.0
137,40.0
138,42.0
139,41.0
140,40.0
141,40.0
142,40.0
143,40.0
144,38.0
145,40.0
146,42.0
147,40.0
148,41.0
149,41.0
150,39.0
151,40.0
152,39.0
153,40.0
154,40.0
155,40.0
156,40.0
157,40.0
158,39.0
159,42.0
160,41.0
161,42.0
162,41.0
163,40.0
164,40.0
165,40.0
166,41.0
167,41.0
168,40.0
169,37.0
170,39.0
171,39.0
172,43.0
173,40.0
174,39.0
175,41.0
176,40.0
177,39.0
178,40.0
179,39.0
180,41.0
181,40.0
182,41.0
183,40.0
184,40.0
185,41.0
186,40.0
187,40.0
188,41.0
189,41.0
190,42.0
191,40.0
192,40.0
193,41.0
194,42.0
195,39.0
196,41.0
197,39.0
198,40.0
199,42.0
200,41.0
201,40.0
202,41.0
203,40.0
204,40.0
205,41.0
206,39.0
207,39.0
208,41.0
209,40.0
210,40.0
211,42.0
212,42.0
213,41.0
214,41.0
215,40.0
216,40.0
217,39.0
218,39.0
219,39.0
220,41.0
221,42.0
222,40.0
223,40.0
224,42.0
225,40.0
226,40.0
227,40.0
228,41.0
229,40.0
230,39.0
231,40.0
232,39.0
233,41.0
234,42.0
235,42.0
236,43.0
237,41.0
238,41.0
239,41.0
240,39.0
241,41.0
242,38.0
243,40.0
244,41.0
245,41.0
246,41.0
247,39.0
248,41.0
249,40.0
250,39.0
251,42.0
252,40.0
253,41.0
254,40.0
255,42.0
256,41.0
257,40.0
258,40.0
259,41.0
260,39.0
261,41.0
262,43.0
263,41.0
264,42.0
265,40.0
266,40.0
267,41.0
268,39.0
269,41.0
270,41.0
271,41.0
272,40.0
273,42.0
274,40.0
275,40.0
276,40.0
277,41.0
278,42.0
279,42.0
280,40.0
281,40.0
282,41.0
283,41.0
284,40.0
285,42.0
286,40.0
287,40.0
288,39.0
289,38.0
290,41.0
291,40.0
292,40.0
293,41.0
294,40.0
295,42.0
296,42.0
297,41.0
298,40.0
299,41.0
300,42.0
301,42.0
302,42.0
303,40.0
304,40.0
305,41.0
306,40.0
307,39.0
308,39.0
309,41.0
310,39.0
311,40.0
312,39.0
313,41.0
314,39.0
315,41.0
316,42.0
317,41.0
318,40.0
319,41.0
320,41.0
321,40.0
322,41.0
323,41.0
324,40.0
325,40.0
326,40.0
327,42.0
328,41.0
329,41.0
330,39.0
331,39.0
332,40.0
333,40.0
334,41.0
335,41.0
336,41.0
337,39.0
338,40.0
339,40.0
340,40.0
341,41.0
342,38.0
343,40.0
344,40.0
345,40.0
346,40.0
347,40.0
348,40.0
349,39.0
350,41.0
351,39.0
352,39.0
353,41.0
354,39.0
355,39.0
356,40.0
357,40.0
358,40.0
359,40.0
360,41.0
361,40.0
362,40.0
363,40.0
364,40.0
365,41.0
366,40.0
367,39.0
368,40.0
369,40.0
370,39.0
371,40.0
372,39.0
373,39.0
374,40.0
375,40.0
376,39.0
377,40.0
378,41.0
379,40.0
380,41.0
381,38.0
382,40.0
383,39.0
384,38.0
385,40.0
386,40.0
387,41.0
388,41.0
389,40.0
390,40.0
391,40.0
392,40.0
393,38.0
394,39.0
395,41.0
396,40.0
397,40.0
398,41.0
399,40.0
400,39.0
401,39.0
402,40.0
403,40.0
404,40.0
405,41.0
406,39.0
407,39.0
408,41.0
409,39.0
410,41.0
411,39.0
412,37.0
413,40.0
414,40.0
415,40.0
416,39.0
417,39.0
418,39.0
419,39.0
420,40.0
421,39.0
422,41.0
423,40.0
424,38.0
425,39.0
426,40.0
427,40.0
428,42.0
429,42.0
430,37.0
431,41.0
432,40.0
433,39.0
434,41.0
435,40.0
436,39.0
437,41.0
438,39.0
439,40.0
440,40.0
441,39.0
442,39.0
443,38.0
444,41.0
445,41.0
446,39.0
447,41.0
448,39.0
449,40.0
450,39.0
451,40.0
452,39.0
453,40.0
454,39.0
455,38.0
456,41.0
457,40.0
458,38.0
459,40.0
460,39.0
461,39.0
462,38.0
463,41.0
464,40.0
465,40.0
466,39.0
467,41.0
468,40.0
469,42.0
470,41.0
471,40.0
472,40.0
473,41.0
474,40.0
475,39.0
476,41.0
477,40.0
478,41.0
479,40.0
480,39.0
481,40.0
482,38.0
483,40.0
484,41.0
485,40.0
486,40.0
487,37.0
488,38.0
489,40.0
490,38.0
491,39.0
492,40.0
493,40.0
494,41.0
495,40.0
496,41.0
497,39.0
498,39.0
499,41.0
500,40.0
501,38.0
502,41.0
503,41.0
504,40.0
505,39.0
506,41.0
507,39.0
508,39.0
509,39.0
510,37.0
511,40.0
512,38.0
513,39.0
514,40.0
515,41.0
516,39.0
517,40.0
