0,37.0
1,41.0
2,40.0
3,38.0
4,38.0
5,41.0
6,38.0
7,38.0
8,39.0
9,40.0
10,39.0
11,37.0
12,39.0
13,35.0
14,39.0
15,38.0
16,37.0
17,40.0
18,37.0
19,39.0
20,37.0
21,39.0
22,41.0
23,38.0
24,40.0
25,39.0
26,39.0
27,39.0
28,38.0
29,37.0
30,39.0
31,40.0
32,37.0
33,38.0
34,37.0
35,38.0
36,39.0
37,38.0
38,40.0
39,36.0
40,40.0
41,40.0
42,41.0
43,39.0
44,39.0
45,38.0
46,37.0
47,36.0
48,39.0
49,35.0
50,40.0
51,39.0
52,38.0
53,37.0
54,38.0
55,40.0
56,36.0
57,39.0
58,37.0
59,36.0
60,37.0
61,38.0
62,37.0
63,39.0
64,40.0
65,38.0
66,38.0
67,39.0
68,39.0
69,39.0
70,42.0
71,38.0
72,37.0
73,39.0
74,39.0
75,37.0
76,40.0
77,38.0
78,41.0
79,39.0
80,34.0
81,37.0
82,39.0
83,41.0
84,37.0
85,38.0
86,37.0
87,35.0
88,38.0
89,40.0
90,41.0
91,38.0
92,37.0
93,39.0
94,39.0
95,37.0
96,38.0
97,37.0
98,39.0
99,38.0
100,38.0
101,39.0
102,37.0
103,39.0
104,38.0
105,38.0
106,36.0
107,37.0
108,39.0
109,37.0
110,37.0
111,36.0
112,41.0
113,39.0
114,37.0
115,40.0
116,38.0
117,41.0
118,41.0
119,37.0
120,39.0
121,39.0
122,40.0
123,37.0
124,36.0
125,40.0
126,38.0
127,38.0
128,38.0
129,39.0
130,38.0
131,40.0
132,38.0
133,40.0
134,38.0
135,40.0
136,38.0
137,38.0
138,37.0
139,38.0
140,37.0
141,36.0
142,39.0
143,38.0
144,39.0
145,40.0
146,37.0
147,40.0
148,40.0
149,40.0
150,39.0
151,35.0
152,37.0
153,41.0
154,40.0
155,40.0
156,37.0
157,37.0
158,36.0
159,39.0
160,40.0
161,37.0
162,35.0
163,38.0
164,37.0
165,35.0
166,36.0
167,39.0
168,39.0
169,38.0
170,38.0
171,39.0
172,38.0
173,37.0
174,37.0
175,38.0
176,40.0
177,40.0
178,38.0
179,37.0
180,38.0
181,36.0
182,39.0
183,38.0
184,38.0
185,38.0
186,36.0
187,38.0
188,37.0
189,38.0
190,38.0
191,37.0
192,39.0
193,39.0
194,37.0
195,38.0
196,39.0
197,37.0
198,36.0
199,38.0
200,38.0
201,39.0
202,40.0
203,37.0
204,38.0
205,38.0
206,38.0
207,36.0
208,39.0
209,38.0
210,35.0
211,40.0
212,38.0
213,37.0
214,37.0
215,40.0
216,37.0
217,39.0
218,37.0
219,40.0
220,38.0
221,38.0
222,36.0
223,39.0
224,39.0
225,36.0
226,39.0
227,39.0
228,37.0
229,38.0
230,38.0
231,38.0
232,35.0
233,36.0
234,39.0
235,37.0
236,39.0
237,39.0
238,40.0
239,38.0
240,40.0
241,38.0
242,37.0
243,38.0
244,39.0
245,40.0
246,38.0
247,39.0
248,38.0
249,39.0
250,40.0
251,38.0
252,37.0
253,39.0
254,38.0
255,37.0
256,30.0
257,38.0
258,38.0
259,37.0
260,37.0
261,37.0
262,40.0
263,36.0
264,38.0
265,40.0
266,36.0
267,35.0
268,38.0
269,37.0
270,37.0
271,33.0
272,38.0
273,36.0
274,39.0
275,37.0
276,37.0
277,37.0
278,37.0
279,39.0
280,38.0
281,36.0
282,39.0
283,38.0
284,38.0
285,38.0
286,37.0
287,38.0
288,38.0
289,37.0
290,38.0
291,37.0
292,37.0
293,37.0
294,38.0
295,39.0
296,37.0
297,39.0
298,38.0
299,38.0
300,39.0
301,39.0
302,38.0
303,37.0
304,40.0
305,37.0
306,40.0
307,39.0
308,35.0
309,38.0
310,37.0
311,38.0
312,37.0
313,37.0
314,40.0
315,38.0
316,39.0
317,36.0
318,37.0
319,37.0
320,41.0
321,37.0
322,40.0
323,39.0
324,36.0
325,40.0
326,38.0
327,40.0
328,34.0
329,37.0
330,37.0
331,36.0
332,37.0
333,38.0
334,36.0
335,38.0
336,36.0
337,40.0
338,39.0
339,41.0
340,36.0
341,36.0
342,37.0
343,36.0
344,38.0
345,36.0
346,37.0
347,38.0
348,38.0
349,38.0
350,38.0
351,40.0
352,37.0
353,39.0
354,35.0
355,38.0
356,37.0
357,36.0
358,37.0
359,36.0
360,36.0
361,38.0
362,40.0
363,38.0
364,35.0
365,39.0
366,38.0
367,38.0
368,39.0
369,39.0
370,37.0
371,36.0
372,38.0
373,41.0
374,37.0
375,40.0
376,38.0
377,39.0
378,38.0
379,38.0
380,39.0
381,38.0
382,36.0
383,36.0
384,38.0
385,37.0
386,38.0
387,36.0
388,39.0
389,37.0
390,38.0
391,37.0
392,40.0
393,37.0
394,38.0
395,38.0
396,38.0
397,35.0
398,36.0
399,37.0
400,38.0
401,38.0
402,37.0
403,38.0
404,39.0
405,38.0
406,37.0
407,36.0
408,37.0
409,38.0
410,39.0
411,38.0
412,36.0
413,37.0
414,38.0
415,39.0
416,37.0
417,37.0
418,39.0
419,37.0
420,36.0
421,39.0
422,39.0
423,36.0
424,38.0
425,39.0
426,41.0
427,40.0
428,40.0
429,38.0
430,38.0
431,39.0
432,37.0
433,39.0
434,39.0
435,38.0
436,38.0
437,40.0
438,36.0
439,38.0
440,36.0
441,39.0
442,39.0
443,39.0
444,39.0
445,39.0
446,38.0
447,39.0
448,39.0
449,39.0
450,39.0
451,38.0
452,39.0
453,38.0
454,36.0
455,37.0
456,37.0
457,38.0
458,37.0
459,38.0
460,38.0
461,38.0
462,40.0
463,39.0
464,39.0
465,37.0
466,38.0
467,37.0
468,39.0
469,39.0
470,39.0
471,37.0
472,38.0
473,39.0
474,37.0
475,37.0
476,38.0
477,37.0
478,37.0
479,35.0
480,37.0
481,35.0
482,36.0
483,38.0
484,40.0
485,40.0
486,40.0
487,37.0
488,37.0
489,40.0
490,39.0
491,37.0
492,39.0
493,37.0
494,37.0
495,39.0
496,37.0
497,39.0
498,38.0
499,37.0
500,40.0
501,37.0
502,38.0
503,39.0
504,36.0
505,38.0
506,39.0
507,38.0
508,38.0
509,37.0
510,36.0
511,37.0
512,37.0
513,37.0
514,40.0
515,39.0
516,38.0
517,36.0
